var intersections = [[1,1,1],
[1,2,1],
[1,3,1],
[1,4,2],
[1,5,2],
[1,6,2],
[1,7,3],
[1,8,3],
[1,9,3],
[2,1,1],
[2,2,1],
[2,3,1],
[2,4,2],
[2,5,2],
[2,6,2],
[2,7,3],
[2,8,3],
[2,9,3],
[3,1,1],
[3,2,1],
[3,3,1],
[3,4,2],
[3,5,2],
[3,6,2],
[3,7,3],
[3,8,3],
[3,9,3],
[4,1,4],
[4,2,4],
[4,3,4],
[4,4,5],
[4,5,5],
[4,6,5],
[4,7,6],
[4,8,6],
[4,9,6],
[5,1,4],
[5,2,4],
[5,3,4],
[5,4,5],
[5,5,5],
[5,6,5],
[5,7,6],
[5,8,6],
[5,9,6],
[6,1,4],
[6,2,4],
[6,3,4],
[6,4,5],
[6,5,5],
[6,6,5],
[6,7,6],
[6,8,6],
[6,9,6],
[7,1,7],
[7,2,7],
[7,3,7],
[7,4,8],
[7,5,8],
[7,6,8],
[7,7,9],
[7,8,9],
[7,9,9],
[8,1,7],
[8,2,7],
[8,3,7],
[8,4,8],
[8,5,8],
[8,6,8],
[8,7,9],
[8,8,9],
[8,9,9],
[9,1,7],
[9,2,7],
[9,3,7],
[9,4,8],
[9,5,8],
[9,6,8],
[9,7,9],
[9,8,9],
[9,9,9]];

var rows = [
	[1,2,3,4,5,6,7,8,9],
	[10,11,12,13,14,15,16,17,18],
	[19,20,21,22,23,24,25,26,27],
	[28,29,30,31,32,33,34,35,36],
	[37,38,39,40,41,42,43,44,45],
	[46,47,48,49,50,51,52,53,54],
	[55,56,57,58,59,60,61,62,63],
	[64,65,66,67,68,69,70,71,72],
	[73,74,75,76,77,78,79,80,81]
];

var columns = [
	[1,10,19,28,37,46,55,64,73],
	[2,11,20,29,38,47,56,65,74],
	[3,12,21,30,39,48,57,66,75],
	[4,13,22,31,40,49,58,67,76],
	[5,14,23,32,41,50,59,68,77],
	[6,15,24,33,42,51,60,69,78],
	[7,16,25,34,43,52,61,70,79],
	[8,17,26,35,44,53,62,71,80],
	[9,18,27,36,45,54,63,72,81]
];

var boxes = [
	[1,2,3,10,11,12,19,20,21],
	[4,5,6,13,14,15,22,23,24],
	[7,8,9,16,17,18,25,26,27],
	[28,29,30,37,38,39,46,47,48],
	[31,32,33,40,41,42,49,50,51],
	[34,35,36,43,44,45,52,53,54],
	[55,56,57,64,65,66,73,74,75],
	[58,59,60,67,68,69,76,77,78],
	[61,62,63,70,71,72,79,80,81]
];

/*
	GRID:

	1	2	3		4	5	6		7	8	9
	10	11	12		13	14	15		16	17	18
	19	20	21		22	23	24		25	26	27

	28	29	30		31	32	33		34	35	36
	37	38	39		40	41	42		43	44	45
	46	47	48		49	50	51		52	53	54

	55	56	57		58	59	60		61	62	63
	64	65	66		67	68	69		70	71	72
	73	74	75		76	77	78		79	80	81

*/

var puzzle = ".1...7856786.15..44...83.1....1.2.6.2...9..7...5..4.2...38..69..2..4.18.19..56.47";

console.log(puzzle[5]);

/*
	STEPS:
		1. Calculate the regexes for each dot
		2. Seek cells with a regex and do an intersection.
			- If it yields info, update the regexes of the connected cells.
				- Maybe use step strategy like Minesweeper?

*/


